print Adj
   (2,1)        1
   (3,1)        1
 (199,1)        1
 (200,1)        1
   (1,2)        1
   (3,2)        1
   (4,2)        1
  (43,2)        1
 (200,2)        1
   (1,3)        1
   (2,3)        1
   (4,3)        1
   (5,3)        1
   (2,4)        1
   (3,4)        1
   (5,4)        1
   (6,4)        1
   (3,5)        1
   (4,5)        1
   (6,5)        1
   (7,5)        1
   (4,6)        1
   (5,6)        1
   (7,6)        1
   (8,6)        1
  (37,6)        1
   (5,7)        1
   (6,7)        1
   (8,7)        1
   (9,7)        1
   (6,8)        1
   (7,8)        1
   (9,8)        1
  (10,8)        1
   (7,9)        1
   (8,9)        1
  (10,9)        1
   (8,10)       1
   (9,10)       1
  (11,10)       1
  (12,10)       1
   (9,11)       1
  (12,11)       1
  (13,11)       1
  (61,11)       1
  (10,12)       1
  (11,12)       1
  (13,12)       1
  (14,12)       1
 (119,12)       1
  (11,13)       1
  (12,13)       1
  (14,13)       1
  (12,14)       1
  (13,14)       1
  (15,14)       1
  (16,14)       1
  (13,15)       1
  (14,15)       1
  (16,15)       1
  (14,16)       1
  (15,16)       1
  (17,16)       1
  (18,16)       1
  (15,17)       1
  (16,17)       1
  (18,17)       1
  (19,17)       1
  (16,18)       1
  (17,18)       1
  (19,18)       1
  (20,18)       1
  (17,19)       1
  (18,19)       1
  (20,19)       1
  (21,19)       1
  (18,20)       1
  (19,20)       1
  (21,20)       1
  (22,20)       1
  (19,21)       1
  (20,21)       1
  (22,21)       1
  (23,21)       1
  (20,22)       1
  (21,22)       1
  (23,22)       1
  (24,22)       1
  (21,23)       1
  (24,23)       1
  (25,23)       1
  (22,24)       1
  (23,24)       1
  (25,24)       1
  (26,24)       1
  (23,25)       1
  (24,25)       1
  (26,25)       1
  (27,25)       1
  (24,26)       1
  (25,26)       1
  (27,26)       1
  (28,26)       1
  (25,27)       1
  (26,27)       1
  (28,27)       1
  (29,27)       1
  (26,28)       1
  (27,28)       1
  (29,28)       1
  (30,28)       1
  (27,29)       1
  (28,29)       1
  (30,29)       1
  (31,29)       1
  (28,30)       1
  (29,30)       1
  (31,30)       1
  (32,30)       1
  (29,31)       1
  (30,31)       1
  (32,31)       1
  (33,31)       1
  (30,32)       1
  (31,32)       1
  (33,32)       1
  (34,32)       1
  (31,33)       1
  (32,33)       1
  (34,33)       1
  (35,33)       1
 (100,33)       1
  (32,34)       1
  (33,34)       1
  (35,34)       1
  (36,34)       1
  (33,35)       1
  (34,35)       1
  (36,35)       1
  (34,36)       1
  (35,36)       1
  (37,36)       1
  (38,36)       1
  (35,37)       1
  (36,37)       1
  (38,37)       1
  (39,37)       1
  (70,37)       1
  (37,38)       1
  (39,38)       1
  (40,38)       1
  (37,39)       1
  (38,39)       1
  (40,39)       1
  (41,39)       1
  (38,40)       1
  (39,40)       1
  (41,40)       1
  (42,40)       1
  (39,41)       1
  (40,41)       1
  (42,41)       1
  (40,42)       1
  (41,42)       1
  (43,42)       1
  (44,42)       1
  (41,43)       1
  (42,43)       1
  (44,43)       1
  (45,43)       1
  (42,44)       1
  (43,44)       1
  (45,44)       1
  (46,44)       1
  (43,45)       1
  (44,45)       1
  (46,45)       1
  (47,45)       1
  (44,46)       1
  (45,46)       1
  (47,46)       1
  (48,46)       1
  (22,47)       1
  (45,47)       1
  (46,47)       1
  (48,47)       1
  (49,47)       1
  (46,48)       1
  (47,48)       1
  (49,48)       1
  (50,48)       1
  (50,49)       1
  (51,49)       1
  (48,50)       1
  (49,50)       1
  (51,50)       1
  (52,50)       1
  (49,51)       1
  (50,51)       1
  (52,51)       1
  (53,51)       1
  (50,52)       1
  (51,52)       1
  (53,52)       1
  (54,52)       1
  (51,53)       1
  (52,53)       1
  (54,53)       1
  (55,53)       1
  (52,54)       1
  (53,54)       1
  (55,54)       1
  (56,54)       1
  (53,55)       1
  (54,55)       1
  (56,55)       1
  (57,55)       1
  (54,56)       1
  (55,56)       1
  (57,56)       1
  (58,56)       1
  (55,57)       1
  (56,57)       1
  (58,57)       1
  (59,57)       1
  (56,58)       1
  (57,58)       1
  (59,58)       1
  (60,58)       1
  (57,59)       1
  (58,59)       1
  (61,59)       1
  (58,60)       1
  (59,60)       1
  (61,60)       1
  (62,60)       1
  (75,60)       1
 (154,60)       1
  (59,61)       1
  (60,61)       1
  (62,61)       1
  (63,61)       1
  (60,62)       1
  (61,62)       1
  (63,62)       1
  (64,62)       1
  (61,63)       1
  (62,63)       1
  (64,63)       1
  (65,63)       1
  (62,64)       1
  (63,64)       1
  (65,64)       1
  (66,64)       1
  (63,65)       1
  (64,65)       1
  (66,65)       1
  (67,65)       1
  (64,66)       1
  (65,66)       1
  (67,66)       1
  (68,66)       1
  (65,67)       1
  (66,67)       1
  (68,67)       1
  (69,67)       1
 (100,67)       1
  (66,68)       1
  (67,68)       1
  (69,68)       1
  (70,68)       1
  (67,69)       1
  (68,69)       1
  (70,69)       1
  (71,69)       1
  (68,70)       1
  (69,70)       1
  (71,70)       1
  (72,70)       1
  (69,71)       1
  (70,71)       1
  (72,71)       1
  (73,71)       1
  (70,72)       1
  (71,72)       1
  (73,72)       1
  (74,72)       1
  (71,73)       1
  (72,73)       1
  (74,73)       1
  (75,73)       1
  (72,74)       1
  (73,74)       1
  (75,74)       1
  (76,74)       1
 (110,74)       1
  (73,75)       1
  (74,75)       1
  (76,75)       1
  (77,75)       1
  (74,76)       1
  (75,76)       1
  (77,76)       1
  (78,76)       1
  (75,77)       1
  (76,77)       1
  (78,77)       1
  (79,77)       1
  (76,78)       1
  (77,78)       1
  (79,78)       1
  (80,78)       1
 (153,78)       1
  (77,79)       1
  (78,79)       1
  (80,79)       1
  (81,79)       1
  (78,80)       1
  (79,80)       1
  (81,80)       1
  (82,80)       1
  (79,81)       1
  (80,81)       1
  (82,81)       1
  (83,81)       1
  (80,82)       1
  (81,82)       1
  (83,82)       1
  (84,82)       1
  (81,83)       1
  (82,83)       1
  (84,83)       1
  (85,83)       1
 (153,83)       1
  (83,84)       1
  (85,84)       1
  (86,84)       1
  (83,85)       1
  (84,85)       1
  (86,85)       1
  (87,85)       1
  (84,86)       1
  (85,86)       1
  (87,86)       1
  (88,86)       1
  (85,87)       1
  (86,87)       1
  (88,87)       1
  (89,87)       1
  (86,88)       1
  (87,88)       1
  (90,88)       1
  (87,89)       1
  (88,89)       1
  (90,89)       1
  (91,89)       1
  (93,89)       1
 (148,89)       1
  (88,90)       1
  (89,90)       1
  (91,90)       1
  (92,90)       1
  (89,91)       1
  (90,91)       1
  (92,91)       1
  (93,91)       1
  (22,92)       1
  (90,92)       1
  (93,92)       1
  (91,93)       1
  (92,93)       1
  (94,93)       1
  (95,93)       1
  (92,94)       1
  (93,94)       1
  (95,94)       1
  (96,94)       1
  (93,95)       1
  (94,95)       1
  (96,95)       1
  (97,95)       1
  (94,96)       1
  (95,96)       1
  (97,96)       1
  (98,96)       1
  (95,97)       1
  (96,97)       1
  (98,97)       1
  (99,97)       1
  (96,98)       1
  (97,98)       1
  (99,98)       1
 (100,98)       1
  (97,99)       1
  (98,99)       1
 (101,99)       1
  (98,100)      1
  (99,100)      1
 (101,100)      1
 (102,100)      1
  (99,101)      1
 (100,101)      1
 (102,101)      1
 (103,101)      1
 (100,102)      1
 (103,102)      1
 (104,102)      1
 (101,103)      1
 (102,103)      1
 (104,103)      1
 (105,103)      1
 (102,104)      1
 (103,104)      1
 (105,104)      1
 (106,104)      1
 (103,105)      1
 (104,105)      1
 (106,105)      1
 (107,105)      1
 (104,106)      1
 (105,106)      1
 (107,106)      1
 (108,106)      1
 (105,107)      1
 (106,107)      1
 (108,107)      1
 (109,107)      1
 (106,108)      1
 (107,108)      1
 (109,108)      1
 (110,108)      1
 (108,109)      1
 (111,109)      1
 (179,109)      1
 (108,110)      1
 (109,110)      1
 (111,110)      1
 (112,110)      1
 (109,111)      1
 (110,111)      1
 (112,111)      1
 (113,111)      1
  (53,112)      1
 (108,112)      1
 (110,112)      1
 (111,112)      1
 (113,112)      1
 (114,112)      1
 (111,113)      1
 (114,113)      1
 (115,113)      1
 (112,114)      1
 (113,114)      1
 (115,114)      1
 (116,114)      1
 (113,115)      1
 (114,115)      1
 (116,115)      1
 (117,115)      1
 (114,116)      1
 (115,116)      1
 (117,116)      1
 (118,116)      1
 (115,117)      1
 (116,117)      1
 (118,117)      1
  (48,118)      1
 (116,118)      1
 (117,118)      1
 (119,118)      1
 (120,118)      1
 (117,119)      1
 (118,119)      1
 (120,119)      1
 (121,119)      1
 (118,120)      1
 (119,120)      1
 (121,120)      1
 (122,120)      1
 (119,121)      1
 (120,121)      1
 (122,121)      1
 (123,121)      1
 (120,122)      1
 (121,122)      1
 (123,122)      1
 (124,122)      1
  (48,123)      1
 (121,123)      1
 (122,123)      1
 (124,123)      1
 (125,123)      1
 (122,124)      1
 (123,124)      1
 (125,124)      1
 (126,124)      1
 (123,125)      1
 (124,125)      1
 (126,125)      1
 (127,125)      1
 (124,126)      1
 (125,126)      1
 (127,126)      1
 (128,126)      1
  (91,127)      1
 (125,127)      1
 (126,127)      1
 (128,127)      1
 (129,127)      1
 (126,128)      1
 (127,128)      1
 (129,128)      1
 (130,128)      1
 (127,129)      1
 (128,129)      1
 (130,129)      1
 (131,129)      1
 (128,130)      1
 (129,130)      1
 (131,130)      1
 (132,130)      1
 (129,131)      1
 (130,131)      1
 (132,131)      1
 (133,131)      1
 (130,132)      1
 (131,132)      1
 (133,132)      1
 (134,132)      1
 (131,133)      1
 (132,133)      1
 (134,133)      1
 (135,133)      1
 (101,134)      1
 (132,134)      1
 (133,134)      1
 (135,134)      1
 (136,134)      1
 (133,135)      1
 (134,135)      1
 (136,135)      1
 (137,135)      1
 (134,136)      1
 (135,136)      1
 (137,136)      1
 (138,136)      1
 (135,137)      1
 (136,137)      1
 (138,137)      1
 (139,137)      1
 (136,138)      1
 (137,138)      1
 (139,138)      1
 (140,138)      1
 (137,139)      1
 (138,139)      1
 (140,139)      1
 (141,139)      1
 (138,140)      1
 (139,140)      1
 (141,140)      1
 (142,140)      1
  (47,141)      1
 (126,141)      1
 (139,141)      1
 (140,141)      1
 (142,141)      1
 (143,141)      1
 (140,142)      1
 (143,142)      1
 (144,142)      1
 (141,143)      1
 (142,143)      1
 (144,143)      1
 (145,143)      1
 (142,144)      1
 (143,144)      1
 (145,144)      1
 (146,144)      1
 (143,145)      1
 (144,145)      1
 (146,145)      1
 (147,145)      1
 (144,146)      1
 (145,146)      1
 (147,146)      1
 (148,146)      1
 (145,147)      1
 (146,147)      1
 (148,147)      1
 (149,147)      1
 (146,148)      1
 (147,148)      1
 (149,148)      1
 (150,148)      1
 (147,149)      1
 (148,149)      1
 (150,149)      1
 (151,149)      1
 (148,150)      1
 (149,150)      1
 (151,150)      1
 (152,150)      1
 (149,151)      1
 (150,151)      1
 (152,151)      1
 (153,151)      1
 (150,152)      1
 (151,152)      1
 (151,153)      1
 (152,153)      1
 (154,153)      1
 (155,153)      1
 (152,154)      1
 (153,154)      1
 (155,154)      1
 (156,154)      1
 (179,154)      1
 (153,155)      1
 (154,155)      1
 (156,155)      1
 (157,155)      1
 (154,156)      1
 (155,156)      1
 (157,156)      1
 (158,156)      1
 (155,157)      1
 (156,157)      1
 (158,157)      1
 (159,157)      1
 (156,158)      1
 (157,158)      1
 (159,158)      1
 (160,158)      1
 (157,159)      1
 (158,159)      1
 (160,159)      1
 (161,159)      1
 (159,160)      1
 (161,160)      1
 (162,160)      1
 (159,161)      1
 (160,161)      1
 (162,161)      1
 (163,161)      1
 (160,162)      1
 (161,162)      1
 (163,162)      1
 (164,162)      1
 (161,163)      1
 (162,163)      1
 (164,163)      1
 (131,164)      1
 (162,164)      1
 (163,164)      1
 (165,164)      1
 (166,164)      1
 (163,165)      1
 (164,165)      1
 (166,165)      1
 (167,165)      1
 (165,166)      1
 (167,166)      1
 (168,166)      1
 (165,167)      1
 (166,167)      1
 (168,167)      1
 (169,167)      1
 (101,168)      1
 (166,168)      1
 (167,168)      1
 (169,168)      1
 (170,168)      1
 (167,169)      1
 (168,169)      1
 (170,169)      1
 (171,169)      1
 (168,170)      1
 (169,170)      1
 (171,170)      1
 (172,170)      1
 (169,171)      1
 (170,171)      1
 (172,171)      1
 (173,171)      1
 (170,172)      1
 (171,172)      1
 (173,172)      1
 (174,172)      1
 (171,173)      1
 (172,173)      1
 (174,173)      1
 (175,173)      1
 (172,174)      1
 (173,174)      1
 (175,174)      1
 (176,174)      1
 (173,175)      1
 (174,175)      1
 (176,175)      1
 (177,175)      1
 (174,176)      1
 (175,176)      1
 (177,176)      1
 (178,176)      1
 (175,177)      1
 (176,177)      1
 (178,177)      1
 (179,177)      1
 (176,178)      1
 (177,178)      1
 (180,178)      1
 (177,179)      1
 (178,179)      1
 (180,179)      1
 (181,179)      1
 (178,180)      1
 (179,180)      1
 (181,180)      1
 (182,180)      1
 (179,181)      1
 (180,181)      1
 (182,181)      1
 (183,181)      1
 (180,182)      1
 (181,182)      1
 (183,182)      1
 (184,182)      1
 (181,183)      1
 (182,183)      1
 (184,183)      1
 (185,183)      1
 (182,184)      1
 (183,184)      1
 (185,184)      1
 (186,184)      1
 (183,185)      1
 (184,185)      1
 (186,185)      1
 (187,185)      1
 (185,186)      1
 (187,186)      1
 (188,186)      1
 (185,187)      1
 (186,187)      1
 (188,187)      1
 (189,187)      1
 (187,188)      1
 (189,188)      1
 (190,188)      1
  (82,189)      1
 (187,189)      1
 (188,189)      1
 (190,189)      1
 (191,189)      1
 (140,190)      1
 (188,190)      1
 (189,190)      1
 (192,190)      1
 (189,191)      1
 (190,191)      1
 (192,191)      1
 (193,191)      1
 (191,192)      1
 (193,192)      1
 (194,192)      1
 (191,193)      1
 (192,193)      1
 (194,193)      1
 (195,193)      1
 (192,194)      1
 (193,194)      1
 (195,194)      1
 (196,194)      1
 (164,195)      1
 (193,195)      1
 (194,195)      1
 (196,195)      1
 (197,195)      1
 (194,196)      1
 (195,196)      1
 (197,196)      1
 (198,196)      1
 (195,197)      1
 (196,197)      1
 (198,197)      1
 (199,197)      1
 (196,198)      1
 (197,198)      1
 (199,198)      1
 (200,198)      1
   (1,199)      1
 (158,199)      1
 (197,199)      1
 (198,199)      1
 (200,199)      1
   (1,200)      1
   (2,200)      1
 (198,200)      1
 (199,200)      1

x co-ordinates
   10.0000
    9.9951
    9.9803
    9.9556
    9.9211
    9.8769
    9.8229
    9.7592
    9.6858
    9.6029
    9.5106
    9.4088
    9.2978
    9.1775
    9.0483
    8.9101
    8.7631
    8.6074
    8.4433
    8.2708
    8.0902
    7.9016
    7.7051
    7.5011
    7.2897
    7.0711
    6.8455
    6.6131
    6.3742
    6.1291
    5.8779
    5.6208
    5.3583
    5.0904
    4.8175
    4.5399
    4.2578
    3.9715
    3.6812
    3.3874
    3.0902
    2.7899
    2.4869
    2.1814
    1.8738
    1.5643
    1.2533
    0.9411
    0.6279
    0.3141
    0.0000
   -0.3141
   -0.6279
   -0.9411
   -1.2533
   -1.5643
   -1.8738
   -2.1814
   -2.4869
   -2.7899
   -3.0902
   -3.3874
   -3.6812
   -3.9715
   -4.2578
   -4.5399
   -4.8175
   -5.0904
   -5.3583
   -5.6208
   -5.8779
   -6.1291
   -6.3742
   -6.6131
   -6.8455
   -7.0711
   -7.2897
   -7.5011
   -7.7051
   -7.9016
   -8.0902
   -8.2708
   -8.4433
   -8.6074
   -8.7631
   -8.9101
   -9.0483
   -9.1775
   -9.2978
   -9.4088
   -9.5106
   -9.6029
   -9.6858
   -9.7592
   -9.8229
   -9.8769
   -9.9211
   -9.9556
   -9.9803
   -9.9951
  -10.0000
   -9.9951
   -9.9803
   -9.9556
   -9.9211
   -9.8769
   -9.8229
   -9.7592
   -9.6858
   -9.6029
   -9.5106
   -9.4088
   -9.2978
   -9.1775
   -9.0483
   -8.9101
   -8.7631
   -8.6074
   -8.4433
   -8.2708
   -8.0902
   -7.9016
   -7.7051
   -7.5011
   -7.2897
   -7.0711
   -6.8455
   -6.6131
   -6.3742
   -6.1291
   -5.8779
   -5.6208
   -5.3583
   -5.0904
   -4.8175
   -4.5399
   -4.2578
   -3.9715
   -3.6812
   -3.3874
   -3.0902
   -2.7899
   -2.4869
   -2.1814
   -1.8738
   -1.5643
   -1.2533
   -0.9411
   -0.6279
   -0.3141
   -0.0000
    0.3141
    0.6279
    0.9411
    1.2533
    1.5643
    1.8738
    2.1814
    2.4869
    2.7899
    3.0902
    3.3874
    3.6812
    3.9715
    4.2578
    4.5399
    4.8175
    5.0904
    5.3583
    5.6208
    5.8779
    6.1291
    6.3742
    6.6131
    6.8455
    7.0711
    7.2897
    7.5011
    7.7051
    7.9016
    8.0902
    8.2708
    8.4433
    8.6074
    8.7631
    8.9101
    9.0483
    9.1775
    9.2978
    9.4088
    9.5106
    9.6029
    9.6858
    9.7592
    9.8229
    9.8769
    9.9211
    9.9556
    9.9803
    9.9951

y-co-ordinates
         0
    0.3141
    0.6279
    0.9411
    1.2533
    1.5643
    1.8738
    2.1814
    2.4869
    2.7899
    3.0902
    3.3874
    3.6812
    3.9715
    4.2578
    4.5399
    4.8175
    5.0904
    5.3583
    5.6208
    5.8779
    6.1291
    6.3742
    6.6131
    6.8455
    7.0711
    7.2897
    7.5011
    7.7051
    7.9016
    8.0902
    8.2708
    8.4433
    8.6074
    8.7631
    8.9101
    9.0483
    9.1775
    9.2978
    9.4088
    9.5106
    9.6029
    9.6858
    9.7592
    9.8229
    9.8769
    9.9211
    9.9556
    9.9803
    9.9951
   10.0000
    9.9951
    9.9803
    9.9556
    9.9211
    9.8769
    9.8229
    9.7592
    9.6858
    9.6029
    9.5106
    9.4088
    9.2978
    9.1775
    9.0483
    8.9101
    8.7631
    8.6074
    8.4433
    8.2708
    8.0902
    7.9016
    7.7051
    7.5011
    7.2897
    7.0711
    6.8455
    6.6131
    6.3742
    6.1291
    5.8779
    5.6208
    5.3583
    5.0904
    4.8175
    4.5399
    4.2578
    3.9715
    3.6812
    3.3874
    3.0902
    2.7899
    2.4869
    2.1814
    1.8738
    1.5643
    1.2533
    0.9411
    0.6279
    0.3141
    0.0000
   -0.3141
   -0.6279
   -0.9411
   -1.2533
   -1.5643
   -1.8738
   -2.1814
   -2.4869
   -2.7899
   -3.0902
   -3.3874
   -3.6812
   -3.9715
   -4.2578
   -4.5399
   -4.8175
   -5.0904
   -5.3583
   -5.6208
   -5.8779
   -6.1291
   -6.3742
   -6.6131
   -6.8455
   -7.0711
   -7.2897
   -7.5011
   -7.7051
   -7.9016
   -8.0902
   -8.2708
   -8.4433
   -8.6074
   -8.7631
   -8.9101
   -9.0483
   -9.1775
   -9.2978
   -9.4088
   -9.5106
   -9.6029
   -9.6858
   -9.7592
   -9.8229
   -9.8769
   -9.9211
   -9.9556
   -9.9803
   -9.9951
  -10.0000
   -9.9951
   -9.9803
   -9.9556
   -9.9211
   -9.8769
   -9.8229
   -9.7592
   -9.6858
   -9.6029
   -9.5106
   -9.4088
   -9.2978
   -9.1775
   -9.0483
   -8.9101
   -8.7631
   -8.6074
   -8.4433
   -8.2708
   -8.0902
   -7.9016
   -7.7051
   -7.5011
   -7.2897
   -7.0711
   -6.8455
   -6.6131
   -6.3742
   -6.1291
   -5.8779
   -5.6208
   -5.3583
   -5.0904
   -4.8175
   -4.5399
   -4.2578
   -3.9715
   -3.6812
   -3.3874
   -3.0902
   -2.7899
   -2.4869
   -2.1814
   -1.8738
   -1.5643
   -1.2533
   -0.9411
   -0.6279
   -0.3141

end